Lösung:
484, 1, 5, 146, 367, 380, 2, 980, 3, 866, 571, 309, 868, 73, 854, 660, 6, 551
304, 861, 255, 722, 143, 103, 977, 616, 994, 352, 80, 960, 602, 44, 9, 14, 15
347, 949, 594, 85, 683, 753, 23, 24, 25, 31, 181, 968, 318, 182, 467, 705, 773
630, 843, 390, 531, 743, 455, 109, 471, 149, 235, 696, 697, 730, 885, 234, 879
138, 18, 997, 561, 402, 116, 686, 526, 545, 891, 919, 798, 480, 831, 956, 121
399, 644, 677, 175, 490, 501, 932, 836, 475, 613, 560, 126, 260, 549, 156, 129
321, 233, 857, 313, 206, 188, 13, 769, 589, 341, 620, 177, 647, 63, 35, 435, 910
32, 847, 801, 817, 325, 151, 82, 631, 715, 682, 316, 168, 711, 921, 899, 694
655, 106, 429, 246, 202, 790, 783, 128, 37, 33, 893, 579, 894, 39, 506, 108, 124
40, 105, 781, 487, 96, 731, 607, 922, 671, 733, 962, 420, 42, 453, 75, 450, 469
46, 734, 48, 495, 49, 167, 684, 577, 189, 902, 923, 964, 52, 889, 752, 265, 947
580, 564, 963, 991, 54, 492, 698, 60, 488, 364, 489, 566, 639, 45, 499, 707, 338
593, 288, 818, 337, 710, 383, 605, 973, 708, 64, 281, 74, 290, 562, 10, 212, 651
934, 68, 22, 70, 76, 57, 72, 356, 604, 209, 799, 161, 512, 838, 606, 633, 78, 86
535, 888, 427, 534, 884, 999, 548, 615, 89, 91, 335, 98, 155, 441, 100, 628
1000, 556, 447, 574, 656, 110, 306, 621, 612, 115, 350, 256, 458, 998, 892, 623
211, 302, 250, 20, 841, 597, 117, 118, 539, 638, 830, 87, 376, 834, 409, 410
120, 758, 229, 353, 950, 414, 310, 137, 59, 139, 299, 756, 858, 803, 140, 142
157, 7, 144, 485, 918, 127, 145, 170, 222, 472, 354, 174, 176, 326, 286, 476
135, 426, 203, 395, 796, 179, 180, 193, 190, 674, 745, 198, 95, 336, 208, 134
718, 938, 215, 805, 672, 217, 274, 152, 986, 939, 218, 220, 221, 224, 227, 663
12, 164, 975, 247, 196, 936, 465, 849, 125, 183, 438, 989, 371, 625, 614, 965
228, 675, 36, 553, 28, 896, 231, 845, 687, 543, 113, 751, 424, 807, 542, 132
658, 421, 204, 873, 619, 236, 640, 150, 725, 797, 239, 237, 387, 862, 820, 241
554, 191, 439, 301, 244, 245, 666, 249, 253, 112, 257, 259, 261, 263, 806, 111
267, 305, 741, 343, 270, 271, 851, 690, 540, 945, 197, 55, 714, 88, 537, 272
275, 43, 122, 277, 280, 65, 169, 673, 283, 84, 251, 21, 903, 287, 289, 765, 627
136, 474, 558, 293, 314, 565, 524, 214, 97, 294, 71, 437, 160, 449, 268, 240
296, 416, 300, 311, 483, 315, 388, 898, 365, 322, 544, 324, 744, 864, 327, 205
329, 443, 519, 508, 676, 629, 461, 591, 333, 330, 94, 331, 332, 133, 583, 342
344, 940, 829, 466, 363, 345, 187, 349, 521, 511, 840, 498, 351, 357, 748, 652
890, 800, 359, 924, 360, 875, 557, 362, 428, 497, 303, 941, 901, 525, 368, 162
679, 653, 369, 457, 370, 373, 377, 379, 966, 372, 517, 382, 384, 185, 810, 178
51, 440, 186, 386, 780, 19, 269, 394, 346, 276, 378, 398, 400, 403, 754, 913
678, 114, 576, 844, 104, 404, 366, 166, 154, 417, 406, 412, 418, 505, 419, 423
486, 943, 230, 603, 432, 430, 433, 786, 777, 883, 56, 470, 933, 552, 434, 252
431, 436, 83, 361, 243, 509, 223, 291, 448, 662, 415, 451, 931, 720, 131, 452
456, 867, 732, 689, 77, 460, 904, 959, 463, 200, 897, 464, 473, 477, 478, 298
828, 479, 515, 688, 481, 491, 496, 422, 573, 503, 972, 927, 504, 81, 729, 41
510, 147, 405, 514, 559, 848, 601, 216, 634, 516, 582, 536, 26, 242, 50, 522
523, 201, 53, 355, 500, 527, 713, 774, 529, 445, 626, 778, 530, 816, 396, 192
532, 446, 397, 219, 766, 292, 348, 680, 533, 538, 482, 860, 248, 541, 546, 93
454, 547, 493, 62, 700, 101, 958, 870, 550, 567, 569, 572, 581, 584, 586, 706
811, 442, 717, 297, 590, 592, 595, 407, 596, 920, 723, 312, 319, 598, 320, 599
608, 254, 764, 609, 528, 375, 611, 328, 877, 617, 618, 173, 622, 226, 946, 624
153, 792, 649, 635, 632, 739, 643, 462, 213, 232, 645, 374, 648, 650, 659, 808
285, 518, 392, 661, 92, 664, 411, 755, 610, 770, 667, 668, 600, 669, 172, 323
791, 494, 681, 691, 693, 699, 701, 984, 702, 703, 709, 967, 520, 692, 339, 712
716, 4, 66, 719, 393, 141, 724, 878, 578, 641, 171, 881, 740, 727, 728, 912, 735
737, 988, 738, 742, 747, 996, 468, 69, 771, 749, 750, 761, 736, 408, 258, 762
507, 27, 929, 763, 768, 587, 772, 67, 928, 148, 210, 775, 11, 779, 785, 788, 953
835, 804, 102, 789, 793, 282, 642, 38, 795, 29, 787, 646, 809, 784, 760, 194
685, 812, 776, 308, 987, 637, 8, 17, 782, 926, 813, 389, 880, 262, 401, 159, 670
819, 340, 636, 821, 824, 502, 825, 826, 585, 832, 833, 358, 767, 839, 842, 295
184, 563, 846, 225, 815, 850, 284, 746, 278, 852, 726, 853, 856, 859, 863, 413
865, 869, 908, 871, 130, 855, 872, 874, 695, 882, 909, 886, 827, 802, 887, 757
895, 665, 900, 195, 905, 199, 906, 307, 264, 575, 207, 16, 907, 914, 279, 381
915, 822, 266, 814, 30, 704, 119, 916, 334, 917, 925, 163, 930, 974, 34, 935
657, 937, 942, 425, 513, 568, 944, 238, 969, 654, 948, 90, 951, 952, 954, 837
955, 158, 957, 317, 123, 273, 961, 99, 970, 971, 385, 976, 61, 978, 979, 444
981, 165, 982, 983, 459, 985, 876, 990, 47, 570, 721, 588, 107, 911, 79, 992
993, 759, 823, 391, 58, 555, 995, 794

Erfüllte Wünsche: 541, 126, 55

Zeit verstrichen: 20.312572 s
